# graph/E11.7e1.0r0.05 (this file)
# 11.700000 1.000000 0.050000
# 308 points
# 116 z values
# 64 (x,y) sets
set terminal png nocrop enhanced font verdana 12 size 640,480
set output 'graph/E11.7e1.0r0.05.png'
set zrange[0:54]
set isosamples 100
splot '-' with vectors title 'Paraboloid'

-4.00e+00 +9.00e+00 +3.78e+01 -4.06e-01 +9.14e-01 +0.00e+00 
+4.00e+00 +9.00e+00 +3.78e+01 +4.06e-01 +9.14e-01 +0.00e+00 
-9.00e+00 +4.00e+00 +3.78e+01 -9.14e-01 +4.06e-01 +0.00e+00 
+9.00e+00 +4.00e+00 +3.78e+01 +9.14e-01 +4.06e-01 +0.00e+00 
-9.00e+00 -4.00e+00 +3.78e+01 -9.14e-01 -4.06e-01 +0.00e+00 
+9.00e+00 -4.00e+00 +3.78e+01 +9.14e-01 -4.06e-01 +0.00e+00 
-4.00e+00 -9.00e+00 +3.78e+01 -4.06e-01 -9.14e-01 +0.00e+00 
+4.00e+00 -9.00e+00 +3.78e+01 +4.06e-01 -9.14e-01 +0.00e+00 
-3.00e+00 +5.00e+00 +1.33e+01 -5.14e-01 +8.57e-01 +0.00e+00 
+3.00e+00 +5.00e+00 +1.33e+01 +5.14e-01 +8.57e-01 +0.00e+00 
-5.00e+00 +3.00e+00 +1.33e+01 -8.57e-01 +5.14e-01 +0.00e+00 
+5.00e+00 +3.00e+00 +1.33e+01 +8.57e-01 +5.14e-01 +0.00e+00 
-5.00e+00 -3.00e+00 +1.33e+01 -8.57e-01 -5.14e-01 +0.00e+00 
+5.00e+00 -3.00e+00 +1.33e+01 +8.57e-01 -5.14e-01 +0.00e+00 
-3.00e+00 -5.00e+00 +1.33e+01 -5.14e-01 -8.57e-01 +0.00e+00 
+3.00e+00 -5.00e+00 +1.33e+01 +5.14e-01 -8.57e-01 +0.00e+00 
-4.00e+00 +1.00e+01 +4.59e+01 -3.71e-01 +9.28e-01 +0.00e+00 
+4.00e+00 +1.00e+01 +4.59e+01 +3.71e-01 +9.28e-01 +0.00e+00 
-6.00e+00 +9.00e+00 +4.59e+01 -5.55e-01 +8.32e-01 +0.00e+00 
+6.00e+00 +9.00e+00 +4.59e+01 +5.55e-01 +8.32e-01 +0.00e+00 
-9.00e+00 +6.00e+00 +4.59e+01 -8.32e-01 +5.55e-01 +0.00e+00 
+9.00e+00 +6.00e+00 +4.59e+01 +8.32e-01 +5.55e-01 +0.00e+00 
-1.00e+01 +4.00e+00 +4.59e+01 -9.28e-01 +3.71e-01 +0.00e+00 
+1.00e+01 +4.00e+00 +4.59e+01 +9.28e-01 +3.71e-01 +0.00e+00 
-1.00e+01 -4.00e+00 +4.59e+01 -9.28e-01 -3.71e-01 +0.00e+00 
+1.00e+01 -4.00e+00 +4.59e+01 +9.28e-01 -3.71e-01 +0.00e+00 
-9.00e+00 -6.00e+00 +4.59e+01 -8.32e-01 -5.55e-01 +0.00e+00 
+9.00e+00 -6.00e+00 +4.59e+01 +8.32e-01 -5.55e-01 +0.00e+00 
-6.00e+00 -9.00e+00 +4.59e+01 -5.55e-01 -8.32e-01 +0.00e+00 
+6.00e+00 -9.00e+00 +4.59e+01 +5.55e-01 -8.32e-01 +0.00e+00 
-4.00e+00 -1.00e+01 +4.59e+01 -3.71e-01 -9.28e-01 +0.00e+00 
+4.00e+00 -1.00e+01 +4.59e+01 +3.71e-01 -9.28e-01 +0.00e+00 
-3.00e+00 +8.00e+00 +2.85e+01 -3.51e-01 +9.36e-01 +0.00e+00 
+3.00e+00 +8.00e+00 +2.85e+01 +3.51e-01 +9.36e-01 +0.00e+00 
-6.00e+00 +6.00e+00 +2.85e+01 -7.07e-01 +7.07e-01 +0.00e+00 
+6.00e+00 +6.00e+00 +2.85e+01 +7.07e-01 +7.07e-01 +0.00e+00 
-8.00e+00 +3.00e+00 +2.85e+01 -9.36e-01 +3.51e-01 +0.00e+00 
+8.00e+00 +3.00e+00 +2.85e+01 +9.36e-01 +3.51e-01 +0.00e+00 
-8.00e+00 -3.00e+00 +2.85e+01 -9.36e-01 -3.51e-01 +0.00e+00 
+8.00e+00 -3.00e+00 +2.85e+01 +9.36e-01 -3.51e-01 +0.00e+00 
-6.00e+00 -6.00e+00 +2.85e+01 -7.07e-01 -7.07e-01 +0.00e+00 
+6.00e+00 -6.00e+00 +2.85e+01 +7.07e-01 -7.07e-01 +0.00e+00 
-3.00e+00 -8.00e+00 +2.85e+01 -3.51e-01 -9.36e-01 +0.00e+00 
+3.00e+00 -8.00e+00 +2.85e+01 +3.51e-01 -9.36e-01 +0.00e+00 
-2.00e+00 +7.00e+00 +2.11e+01 -2.75e-01 +9.62e-01 +0.00e+00 
+2.00e+00 +7.00e+00 +2.11e+01 +2.75e-01 +9.62e-01 +0.00e+00 
-7.00e+00 +2.00e+00 +2.11e+01 -9.62e-01 +2.75e-01 +0.00e+00 
+7.00e+00 +2.00e+00 +2.11e+01 +9.62e-01 +2.75e-01 +0.00e+00 
-7.00e+00 -2.00e+00 +2.11e+01 -9.62e-01 -2.75e-01 +0.00e+00 
+7.00e+00 -2.00e+00 +2.11e+01 +9.62e-01 -2.75e-01 +0.00e+00 
-2.00e+00 -7.00e+00 +2.11e+01 -2.75e-01 -9.62e-01 +0.00e+00 
+2.00e+00 -7.00e+00 +2.11e+01 +2.75e-01 -9.62e-01 +0.00e+00 
-1.00e+00 +1.00e+01 +3.94e+01 -9.95e-02 +9.95e-01 +0.00e+00 
+1.00e+00 +1.00e+01 +3.94e+01 +9.95e-02 +9.95e-01 +0.00e+00 
-1.00e+01 +1.00e+00 +3.94e+01 -9.95e-01 +9.95e-02 +0.00e+00 
+1.00e+01 +1.00e+00 +3.94e+01 +9.95e-01 +9.95e-02 +0.00e+00 
-1.00e+01 -1.00e+00 +3.94e+01 -9.95e-01 -9.95e-02 +0.00e+00 
+1.00e+01 -1.00e+00 +3.94e+01 +9.95e-01 -9.95e-02 +0.00e+00 
-1.00e+00 -1.00e+01 +3.94e+01 -9.95e-02 -9.95e-01 +0.00e+00 
+1.00e+00 -1.00e+01 +3.94e+01 +9.95e-02 -9.95e-01 +0.00e+00 
-1.00e+00 +1.10e+01 +4.76e+01 -9.05e-02 +9.96e-01 +0.00e+00 
+1.00e+00 +1.10e+01 +4.76e+01 +9.05e-02 +9.96e-01 +0.00e+00 
-1.10e+01 +1.00e+00 +4.76e+01 -9.96e-01 +9.05e-02 +0.00e+00 
+1.10e+01 +1.00e+00 +4.76e+01 +9.96e-01 +9.05e-02 +0.00e+00 
-1.10e+01 -1.00e+00 +4.76e+01 -9.96e-01 -9.05e-02 +0.00e+00 
+1.10e+01 -1.00e+00 +4.76e+01 +9.96e-01 -9.05e-02 +0.00e+00 
-1.00e+00 -1.10e+01 +4.76e+01 -9.05e-02 -9.96e-01 +0.00e+00 
+1.00e+00 -1.10e+01 +4.76e+01 +9.05e-02 -9.96e-01 +0.00e+00 
-3.00e+00 +9.00e+00 +3.56e+01 -3.16e-01 +9.49e-01 +0.00e+00 
+3.00e+00 +9.00e+00 +3.56e+01 +3.16e-01 +9.49e-01 +0.00e+00 
-9.00e+00 +3.00e+00 +3.56e+01 -9.49e-01 +3.16e-01 +0.00e+00 
+9.00e+00 +3.00e+00 +3.56e+01 +9.49e-01 +3.16e-01 +0.00e+00 
-9.00e+00 -3.00e+00 +3.56e+01 -9.49e-01 -3.16e-01 +0.00e+00 
+9.00e+00 -3.00e+00 +3.56e+01 +9.49e-01 -3.16e-01 +0.00e+00 
-3.00e+00 -9.00e+00 +3.56e+01 -3.16e-01 -9.49e-01 +0.00e+00 
+3.00e+00 -9.00e+00 +3.56e+01 +3.16e-01 -9.49e-01 +0.00e+00 
-5.00e+00 +6.00e+00 +2.40e+01 -6.40e-01 +7.68e-01 +0.00e+00 
+5.00e+00 +6.00e+00 +2.40e+01 +6.40e-01 +7.68e-01 +0.00e+00 
-6.00e+00 +5.00e+00 +2.40e+01 -7.68e-01 +6.40e-01 +0.00e+00 
+6.00e+00 +5.00e+00 +2.40e+01 +7.68e-01 +6.40e-01 +0.00e+00 
-6.00e+00 -5.00e+00 +2.40e+01 -7.68e-01 -6.40e-01 +0.00e+00 
+6.00e+00 -5.00e+00 +2.40e+01 +7.68e-01 -6.40e-01 +0.00e+00 
-5.00e+00 -6.00e+00 +2.40e+01 -6.40e-01 -7.68e-01 +0.00e+00 
+5.00e+00 -6.00e+00 +2.40e+01 +6.40e-01 -7.68e-01 +0.00e+00 
-3.00e+00 +7.00e+00 +2.28e+01 -3.94e-01 +9.19e-01 +0.00e+00 
+3.00e+00 +7.00e+00 +2.28e+01 +3.94e-01 +9.19e-01 +0.00e+00 
-7.00e+00 +3.00e+00 +2.28e+01 -9.19e-01 +3.94e-01 +0.00e+00 
+7.00e+00 +3.00e+00 +2.28e+01 +9.19e-01 +3.94e-01 +0.00e+00 
-7.00e+00 -3.00e+00 +2.28e+01 -9.19e-01 -3.94e-01 +0.00e+00 
+7.00e+00 -3.00e+00 +2.28e+01 +9.19e-01 -3.94e-01 +0.00e+00 
-3.00e+00 -7.00e+00 +2.28e+01 -3.94e-01 -9.19e-01 +0.00e+00 
+3.00e+00 -7.00e+00 +2.28e+01 +3.94e-01 -9.19e-01 +0.00e+00 
-2.00e+00 +1.10e+01 +4.93e+01 -1.79e-01 +9.84e-01 +0.00e+00 
+2.00e+00 +1.10e+01 +4.93e+01 +1.79e-01 +9.84e-01 +0.00e+00 
-5.00e+00 +1.00e+01 +4.93e+01 -4.47e-01 +8.94e-01 +0.00e+00 
+5.00e+00 +1.00e+01 +4.93e+01 +4.47e-01 +8.94e-01 +0.00e+00 
-1.00e+01 +5.00e+00 +4.93e+01 -8.94e-01 +4.47e-01 +0.00e+00 
+1.00e+01 +5.00e+00 +4.93e+01 +8.94e-01 +4.47e-01 +0.00e+00 
-1.10e+01 +2.00e+00 +4.93e+01 -9.84e-01 +1.79e-01 +0.00e+00 
+1.10e+01 +2.00e+00 +4.93e+01 +9.84e-01 +1.79e-01 +0.00e+00 
-1.10e+01 -2.00e+00 +4.93e+01 -9.84e-01 -1.79e-01 +0.00e+00 
+1.10e+01 -2.00e+00 +4.93e+01 +9.84e-01 -1.79e-01 +0.00e+00 
-1.00e+01 -5.00e+00 +4.93e+01 -8.94e-01 -4.47e-01 +0.00e+00 
+1.00e+01 -5.00e+00 +4.93e+01 +8.94e-01 -4.47e-01 +0.00e+00 
-5.00e+00 -1.00e+01 +4.93e+01 -4.47e-01 -8.94e-01 +0.00e+00 
+5.00e+00 -1.00e+01 +4.93e+01 +4.47e-01 -8.94e-01 +0.00e+00 
-2.00e+00 -1.10e+01 +4.93e+01 -1.79e-01 -9.84e-01 +0.00e+00 
+2.00e+00 -1.10e+01 +4.93e+01 +1.79e-01 -9.84e-01 +0.00e+00 
-1.00e+00 +4.00e+00 +6.70e+00 -2.43e-01 +9.70e-01 +0.00e+00 
+1.00e+00 +4.00e+00 +6.70e+00 +2.43e-01 +9.70e-01 +0.00e+00 
-4.00e+00 +1.00e+00 +6.70e+00 -9.70e-01 +2.43e-01 +0.00e+00 
+4.00e+00 +1.00e+00 +6.70e+00 +9.70e-01 +2.43e-01 +0.00e+00 
-4.00e+00 -1.00e+00 +6.70e+00 -9.70e-01 -2.43e-01 +0.00e+00 
+4.00e+00 -1.00e+00 +6.70e+00 +9.70e-01 -2.43e-01 +0.00e+00 
-1.00e+00 -4.00e+00 +6.70e+00 -2.43e-01 -9.70e-01 +0.00e+00 
+1.00e+00 -4.00e+00 +6.70e+00 +2.43e-01 -9.70e-01 +0.00e+00 
-2.00e+00 +2.00e+00 +3.17e+00 -7.07e-01 +7.07e-01 +0.00e+00 
+2.00e+00 +2.00e+00 +3.17e+00 +7.07e-01 +7.07e-01 +0.00e+00 
-2.00e+00 -2.00e+00 +3.17e+00 -7.07e-01 -7.07e-01 +0.00e+00 
+2.00e+00 -2.00e+00 +3.17e+00 +7.07e-01 -7.07e-01 +0.00e+00 
-2.00e+00 +3.00e+00 +5.17e+00 -5.55e-01 +8.32e-01 +0.00e+00 
+2.00e+00 +3.00e+00 +5.17e+00 +5.55e-01 +8.32e-01 +0.00e+00 
-3.00e+00 +2.00e+00 +5.17e+00 -8.32e-01 +5.55e-01 +0.00e+00 
+3.00e+00 +2.00e+00 +5.17e+00 +8.32e-01 +5.55e-01 +0.00e+00 
-3.00e+00 -2.00e+00 +5.17e+00 -8.32e-01 -5.55e-01 +0.00e+00 
+3.00e+00 -2.00e+00 +5.17e+00 +8.32e-01 -5.55e-01 +0.00e+00 
-2.00e+00 -3.00e+00 +5.17e+00 -5.55e-01 -8.32e-01 +0.00e+00 
+2.00e+00 -3.00e+00 +5.17e+00 +5.55e-01 -8.32e-01 +0.00e+00 
-2.00e+00 +9.00e+00 +3.34e+01 -2.17e-01 +9.76e-01 +0.00e+00 
+2.00e+00 +9.00e+00 +3.34e+01 +2.17e-01 +9.76e-01 +0.00e+00 
-6.00e+00 +7.00e+00 +3.34e+01 -6.51e-01 +7.59e-01 +0.00e+00 
+6.00e+00 +7.00e+00 +3.34e+01 +6.51e-01 +7.59e-01 +0.00e+00 
-7.00e+00 +6.00e+00 +3.34e+01 -7.59e-01 +6.51e-01 +0.00e+00 
+7.00e+00 +6.00e+00 +3.34e+01 +7.59e-01 +6.51e-01 +0.00e+00 
-9.00e+00 +2.00e+00 +3.34e+01 -9.76e-01 +2.17e-01 +0.00e+00 
+9.00e+00 +2.00e+00 +3.34e+01 +9.76e-01 +2.17e-01 +0.00e+00 
-9.00e+00 -2.00e+00 +3.34e+01 -9.76e-01 -2.17e-01 +0.00e+00 
+9.00e+00 -2.00e+00 +3.34e+01 +9.76e-01 -2.17e-01 +0.00e+00 
-7.00e+00 -6.00e+00 +3.34e+01 -7.59e-01 -6.51e-01 +0.00e+00 
+7.00e+00 -6.00e+00 +3.34e+01 +7.59e-01 -6.51e-01 +0.00e+00 
-6.00e+00 -7.00e+00 +3.34e+01 -6.51e-01 -7.59e-01 +0.00e+00 
+6.00e+00 -7.00e+00 +3.34e+01 +6.51e-01 -7.59e-01 +0.00e+00 
-2.00e+00 -9.00e+00 +3.34e+01 -2.17e-01 -9.76e-01 +0.00e+00 
+2.00e+00 -9.00e+00 +3.34e+01 +2.17e-01 -9.76e-01 +0.00e+00 
-8.00e+00 +8.00e+00 +5.02e+01 -7.07e-01 +7.07e-01 +0.00e+00 
+8.00e+00 +8.00e+00 +5.02e+01 +7.07e-01 +7.07e-01 +0.00e+00 
-8.00e+00 -8.00e+00 +5.02e+01 -7.07e-01 -7.07e-01 +0.00e+00 
+8.00e+00 -8.00e+00 +5.02e+01 +7.07e-01 -7.07e-01 +0.00e+00 
-7.00e+00 +8.00e+00 +4.42e+01 -6.59e-01 +7.53e-01 +0.00e+00 
+7.00e+00 +8.00e+00 +4.42e+01 +6.59e-01 +7.53e-01 +0.00e+00 
-8.00e+00 +7.00e+00 +4.42e+01 -7.53e-01 +6.59e-01 +0.00e+00 
+8.00e+00 +7.00e+00 +4.42e+01 +7.53e-01 +6.59e-01 +0.00e+00 
-8.00e+00 -7.00e+00 +4.42e+01 -7.53e-01 -6.59e-01 +0.00e+00 
+8.00e+00 -7.00e+00 +4.42e+01 +7.53e-01 -6.59e-01 +0.00e+00 
-7.00e+00 -8.00e+00 +4.42e+01 -6.59e-01 -7.53e-01 +0.00e+00 
+7.00e+00 -8.00e+00 +4.42e+01 +6.59e-01 -7.53e-01 +0.00e+00 
-4.00e+00 +4.00e+00 +1.29e+01 -7.07e-01 +7.07e-01 +0.00e+00 
+4.00e+00 +4.00e+00 +1.29e+01 +7.07e-01 +7.07e-01 +0.00e+00 
-4.00e+00 -4.00e+00 +1.29e+01 -7.07e-01 -7.07e-01 +0.00e+00 
+4.00e+00 -4.00e+00 +1.29e+01 +7.07e-01 -7.07e-01 +0.00e+00 
-3.00e+00 +6.00e+00 +1.78e+01 -4.47e-01 +8.94e-01 +0.00e+00 
+3.00e+00 +6.00e+00 +1.78e+01 +4.47e-01 +8.94e-01 +0.00e+00 
-6.00e+00 +3.00e+00 +1.78e+01 -8.94e-01 +4.47e-01 +0.00e+00 
+6.00e+00 +3.00e+00 +1.78e+01 +8.94e-01 +4.47e-01 +0.00e+00 
-6.00e+00 -3.00e+00 +1.78e+01 -8.94e-01 -4.47e-01 +0.00e+00 
+6.00e+00 -3.00e+00 +1.78e+01 +8.94e-01 -4.47e-01 +0.00e+00 
-3.00e+00 -6.00e+00 +1.78e+01 -4.47e-01 -8.94e-01 +0.00e+00 
+3.00e+00 -6.00e+00 +1.78e+01 +4.47e-01 -8.94e-01 +0.00e+00 
-4.00e+00 +6.00e+00 +2.05e+01 -5.55e-01 +8.32e-01 +0.00e+00 
+4.00e+00 +6.00e+00 +2.05e+01 +5.55e-01 +8.32e-01 +0.00e+00 
-6.00e+00 +4.00e+00 +2.05e+01 -8.32e-01 +5.55e-01 +0.00e+00 
+6.00e+00 +4.00e+00 +2.05e+01 +8.32e-01 +5.55e-01 +0.00e+00 
-6.00e+00 -4.00e+00 +2.05e+01 -8.32e-01 -5.55e-01 +0.00e+00 
+6.00e+00 -4.00e+00 +2.05e+01 +8.32e-01 -5.55e-01 +0.00e+00 
-4.00e+00 -6.00e+00 +2.05e+01 -5.55e-01 -8.32e-01 +0.00e+00 
+4.00e+00 -6.00e+00 +2.05e+01 +5.55e-01 -8.32e-01 +0.00e+00 
-5.00e+00 +8.00e+00 +3.48e+01 -5.30e-01 +8.48e-01 +0.00e+00 
+5.00e+00 +8.00e+00 +3.48e+01 +5.30e-01 +8.48e-01 +0.00e+00 
-8.00e+00 +5.00e+00 +3.48e+01 -8.48e-01 +5.30e-01 +0.00e+00 
+8.00e+00 +5.00e+00 +3.48e+01 +8.48e-01 +5.30e-01 +0.00e+00 
-8.00e+00 -5.00e+00 +3.48e+01 -8.48e-01 -5.30e-01 +0.00e+00 
+8.00e+00 -5.00e+00 +3.48e+01 +8.48e-01 -5.30e-01 +0.00e+00 
-5.00e+00 -8.00e+00 +3.48e+01 -5.30e-01 -8.48e-01 +0.00e+00 
+5.00e+00 -8.00e+00 +3.48e+01 +5.30e-01 -8.48e-01 +0.00e+00 
-2.00e+00 +6.00e+00 +1.57e+01 -3.16e-01 +9.49e-01 +0.00e+00 
+2.00e+00 +6.00e+00 +1.57e+01 +3.16e-01 +9.49e-01 +0.00e+00 
-6.00e+00 +2.00e+00 +1.57e+01 -9.49e-01 +3.16e-01 +0.00e+00 
+6.00e+00 +2.00e+00 +1.57e+01 +9.49e-01 +3.16e-01 +0.00e+00 
-6.00e+00 -2.00e+00 +1.57e+01 -9.49e-01 -3.16e-01 +0.00e+00 
+6.00e+00 -2.00e+00 +1.57e+01 +9.49e-01 -3.16e-01 +0.00e+00 
-2.00e+00 -6.00e+00 +1.57e+01 -3.16e-01 -9.49e-01 +0.00e+00 
+2.00e+00 -6.00e+00 +1.57e+01 +3.16e-01 -9.49e-01 +0.00e+00 
-2.00e+00 +5.00e+00 +1.16e+01 -3.71e-01 +9.28e-01 +0.00e+00 
+2.00e+00 +5.00e+00 +1.16e+01 +3.71e-01 +9.28e-01 +0.00e+00 
-5.00e+00 +2.00e+00 +1.16e+01 -9.28e-01 +3.71e-01 +0.00e+00 
+5.00e+00 +2.00e+00 +1.16e+01 +9.28e-01 +3.71e-01 +0.00e+00 
-5.00e+00 -2.00e+00 +1.16e+01 -9.28e-01 -3.71e-01 +0.00e+00 
+5.00e+00 -2.00e+00 +1.16e+01 +9.28e-01 -3.71e-01 +0.00e+00 
-2.00e+00 -5.00e+00 +1.16e+01 -3.71e-01 -9.28e-01 +0.00e+00 
+2.00e+00 -5.00e+00 +1.16e+01 +3.71e-01 -9.28e-01 +0.00e+00 
-1.00e+00 +6.00e+00 +1.47e+01 -1.64e-01 +9.86e-01 +0.00e+00 
+1.00e+00 +6.00e+00 +1.47e+01 +1.64e-01 +9.86e-01 +0.00e+00 
-6.00e+00 +1.00e+00 +1.47e+01 -9.86e-01 +1.64e-01 +0.00e+00 
+6.00e+00 +1.00e+00 +1.47e+01 +9.86e-01 +1.64e-01 +0.00e+00 
-6.00e+00 -1.00e+00 +1.47e+01 -9.86e-01 -1.64e-01 +0.00e+00 
+6.00e+00 -1.00e+00 +1.47e+01 +9.86e-01 -1.64e-01 +0.00e+00 
-1.00e+00 -6.00e+00 +1.47e+01 -1.64e-01 -9.86e-01 +0.00e+00 
+1.00e+00 -6.00e+00 +1.47e+01 +1.64e-01 -9.86e-01 +0.00e+00 
-6.00e+00 +1.00e+01 +5.38e+01 -5.14e-01 +8.57e-01 +0.00e+00 
+6.00e+00 +1.00e+01 +5.38e+01 +5.14e-01 +8.57e-01 +0.00e+00 
-1.00e+01 +6.00e+00 +5.38e+01 -8.57e-01 +5.14e-01 +0.00e+00 
+1.00e+01 +6.00e+00 +5.38e+01 +8.57e-01 +5.14e-01 +0.00e+00 
-1.00e+01 -6.00e+00 +5.38e+01 -8.57e-01 -5.14e-01 +0.00e+00 
+1.00e+01 -6.00e+00 +5.38e+01 +8.57e-01 -5.14e-01 +0.00e+00 
-6.00e+00 -1.00e+01 +5.38e+01 -5.14e-01 -8.57e-01 +0.00e+00 
+6.00e+00 -1.00e+01 +5.38e+01 +5.14e-01 -8.57e-01 +0.00e+00 
-1.00e+00 +1.00e+00 +8.00e-01 -7.07e-01 +7.07e-01 +0.00e+00 
+1.00e+00 +1.00e+00 +8.00e-01 +7.07e-01 +7.07e-01 +0.00e+00 
-1.00e+00 -1.00e+00 +8.00e-01 -7.07e-01 -7.07e-01 +0.00e+00 
+1.00e+00 -1.00e+00 +8.00e-01 +7.07e-01 -7.07e-01 +0.00e+00 
-1.00e+00 +8.00e+00 +2.59e+01 -1.24e-01 +9.92e-01 +0.00e+00 
+1.00e+00 +8.00e+00 +2.59e+01 +1.24e-01 +9.92e-01 +0.00e+00 
-4.00e+00 +7.00e+00 +2.59e+01 -4.96e-01 +8.68e-01 +0.00e+00 
+4.00e+00 +7.00e+00 +2.59e+01 +4.96e-01 +8.68e-01 +0.00e+00 
-7.00e+00 +4.00e+00 +2.59e+01 -8.68e-01 +4.96e-01 +0.00e+00 
+7.00e+00 +4.00e+00 +2.59e+01 +8.68e-01 +4.96e-01 +0.00e+00 
-8.00e+00 +1.00e+00 +2.59e+01 -9.92e-01 +1.24e-01 +0.00e+00 
+8.00e+00 +1.00e+00 +2.59e+01 +9.92e-01 +1.24e-01 +0.00e+00 
-8.00e+00 -1.00e+00 +2.59e+01 -9.92e-01 -1.24e-01 +0.00e+00 
+8.00e+00 -1.00e+00 +2.59e+01 +9.92e-01 -1.24e-01 +0.00e+00 
-7.00e+00 -4.00e+00 +2.59e+01 -8.68e-01 -4.96e-01 +0.00e+00 
+7.00e+00 -4.00e+00 +2.59e+01 +8.68e-01 -4.96e-01 +0.00e+00 
-4.00e+00 -7.00e+00 +2.59e+01 -4.96e-01 -8.68e-01 +0.00e+00 
+4.00e+00 -7.00e+00 +2.59e+01 +4.96e-01 -8.68e-01 +0.00e+00 
-1.00e+00 -8.00e+00 +2.59e+01 -1.24e-01 -9.92e-01 +0.00e+00 
+1.00e+00 -8.00e+00 +2.59e+01 +1.24e-01 -9.92e-01 +0.00e+00 
-4.00e+00 +8.00e+00 +3.12e+01 -4.47e-01 +8.94e-01 +0.00e+00 
+4.00e+00 +8.00e+00 +3.12e+01 +4.47e-01 +8.94e-01 +0.00e+00 
-8.00e+00 +4.00e+00 +3.12e+01 -8.94e-01 +4.47e-01 +0.00e+00 
+8.00e+00 +4.00e+00 +3.12e+01 +8.94e-01 +4.47e-01 +0.00e+00 
-8.00e+00 -4.00e+00 +3.12e+01 -8.94e-01 -4.47e-01 +0.00e+00 
+8.00e+00 -4.00e+00 +3.12e+01 +8.94e-01 -4.47e-01 +0.00e+00 
-4.00e+00 -8.00e+00 +3.12e+01 -4.47e-01 -8.94e-01 +0.00e+00 
+4.00e+00 -8.00e+00 +3.12e+01 +4.47e-01 -8.94e-01 +0.00e+00 
-1.00e+00 +2.00e+00 +1.97e+00 -4.47e-01 +8.94e-01 +0.00e+00 
+1.00e+00 +2.00e+00 +1.97e+00 +4.47e-01 +8.94e-01 +0.00e+00 
-2.00e+00 +1.00e+00 +1.97e+00 -8.94e-01 +4.47e-01 +0.00e+00 
+2.00e+00 +1.00e+00 +1.97e+00 +8.94e-01 +4.47e-01 +0.00e+00 
-2.00e+00 -1.00e+00 +1.97e+00 -8.94e-01 -4.47e-01 +0.00e+00 
+2.00e+00 -1.00e+00 +1.97e+00 +8.94e-01 -4.47e-01 +0.00e+00 
-1.00e+00 -2.00e+00 +1.97e+00 -4.47e-01 -8.94e-01 +0.00e+00 
+1.00e+00 -2.00e+00 +1.97e+00 +4.47e-01 -8.94e-01 +0.00e+00 
-1.00e+00 +3.00e+00 +4.10e+00 -3.16e-01 +9.49e-01 +0.00e+00 
+1.00e+00 +3.00e+00 +4.10e+00 +3.16e-01 +9.49e-01 +0.00e+00 
-3.00e+00 +1.00e+00 +4.10e+00 -9.49e-01 +3.16e-01 +0.00e+00 
+3.00e+00 +1.00e+00 +4.10e+00 +9.49e-01 +3.16e-01 +0.00e+00 
-3.00e+00 -1.00e+00 +4.10e+00 -9.49e-01 -3.16e-01 +0.00e+00 
+3.00e+00 -1.00e+00 +4.10e+00 +9.49e-01 -3.16e-01 +0.00e+00 
-1.00e+00 -3.00e+00 +4.10e+00 -3.16e-01 -9.49e-01 +0.00e+00 
+1.00e+00 -3.00e+00 +4.10e+00 +3.16e-01 -9.49e-01 +0.00e+00 
-3.00e+00 +3.00e+00 +7.03e+00 -7.07e-01 +7.07e-01 +0.00e+00 
+3.00e+00 +3.00e+00 +7.03e+00 +7.07e-01 +7.07e-01 +0.00e+00 
-3.00e+00 -3.00e+00 +7.03e+00 -7.07e-01 -7.07e-01 +0.00e+00 
+3.00e+00 -3.00e+00 +7.03e+00 +7.07e-01 -7.07e-01 +0.00e+00 
-1.00e+00 +9.00e+00 +3.26e+01 -1.10e-01 +9.94e-01 +0.00e+00 
+1.00e+00 +9.00e+00 +3.26e+01 +1.10e-01 +9.94e-01 +0.00e+00 
-9.00e+00 +1.00e+00 +3.26e+01 -9.94e-01 +1.10e-01 +0.00e+00 
+9.00e+00 +1.00e+00 +3.26e+01 +9.94e-01 +1.10e-01 +0.00e+00 
-9.00e+00 -1.00e+00 +3.26e+01 -9.94e-01 -1.10e-01 +0.00e+00 
+9.00e+00 -1.00e+00 +3.26e+01 +9.94e-01 -1.10e-01 +0.00e+00 
-1.00e+00 -9.00e+00 +3.26e+01 -1.10e-01 -9.94e-01 +0.00e+00 
+1.00e+00 -9.00e+00 +3.26e+01 +1.10e-01 -9.94e-01 +0.00e+00 
-3.00e+00 +1.00e+01 +4.26e+01 -2.87e-01 +9.58e-01 +0.00e+00 
+3.00e+00 +1.00e+01 +4.26e+01 +2.87e-01 +9.58e-01 +0.00e+00 
-1.00e+01 +3.00e+00 +4.26e+01 -9.58e-01 +2.87e-01 +0.00e+00 
+1.00e+01 +3.00e+00 +4.26e+01 +9.58e-01 +2.87e-01 +0.00e+00 
-1.00e+01 -3.00e+00 +4.26e+01 -9.58e-01 -2.87e-01 +0.00e+00 
+1.00e+01 -3.00e+00 +4.26e+01 +9.58e-01 -2.87e-01 +0.00e+00 
-3.00e+00 -1.00e+01 +4.26e+01 -2.87e-01 -9.58e-01 +0.00e+00 
+3.00e+00 -1.00e+01 +4.26e+01 +2.87e-01 -9.58e-01 +0.00e+00 
-2.00e+00 +8.00e+00 +2.65e+01 -2.43e-01 +9.70e-01 +0.00e+00 
+2.00e+00 +8.00e+00 +2.65e+01 +2.43e-01 +9.70e-01 +0.00e+00 
-8.00e+00 +2.00e+00 +2.65e+01 -9.70e-01 +2.43e-01 +0.00e+00 
+8.00e+00 +2.00e+00 +2.65e+01 +9.70e-01 +2.43e-01 +0.00e+00 
-8.00e+00 -2.00e+00 +2.65e+01 -9.70e-01 -2.43e-01 +0.00e+00 
+8.00e+00 -2.00e+00 +2.65e+01 +9.70e-01 -2.43e-01 +0.00e+00 
-2.00e+00 -8.00e+00 +2.65e+01 -2.43e-01 -9.70e-01 +0.00e+00 
+2.00e+00 -8.00e+00 +2.65e+01 +2.43e-01 -9.70e-01 +0.00e+00 
-1.00e+00 +7.00e+00 +1.99e+01 -1.41e-01 +9.90e-01 +0.00e+00 
+1.00e+00 +7.00e+00 +1.99e+01 +1.41e-01 +9.90e-01 +0.00e+00 
-5.00e+00 +5.00e+00 +1.99e+01 -7.07e-01 +7.07e-01 +0.00e+00 
+5.00e+00 +5.00e+00 +1.99e+01 +7.07e-01 +7.07e-01 +0.00e+00 
-7.00e+00 +1.00e+00 +1.99e+01 -9.90e-01 +1.41e-01 +0.00e+00 
+7.00e+00 +1.00e+00 +1.99e+01 +9.90e-01 +1.41e-01 +0.00e+00 
-7.00e+00 -1.00e+00 +1.99e+01 -9.90e-01 -1.41e-01 +0.00e+00 
+7.00e+00 -1.00e+00 +1.99e+01 +9.90e-01 -1.41e-01 +0.00e+00 
-5.00e+00 -5.00e+00 +1.99e+01 -7.07e-01 -7.07e-01 +0.00e+00 
+5.00e+00 -5.00e+00 +1.99e+01 +7.07e-01 -7.07e-01 +0.00e+00 
-1.00e+00 -7.00e+00 +1.99e+01 -1.41e-01 -9.90e-01 +0.00e+00 
+1.00e+00 -7.00e+00 +1.99e+01 +1.41e-01 -9.90e-01 +0.00e+00 
-2.00e+00 +4.00e+00 +8.07e+00 -4.47e-01 +8.94e-01 +0.00e+00 
+2.00e+00 +4.00e+00 +8.07e+00 +4.47e-01 +8.94e-01 +0.00e+00 
-4.00e+00 +2.00e+00 +8.07e+00 -8.94e-01 +4.47e-01 +0.00e+00 
+4.00e+00 +2.00e+00 +8.07e+00 +8.94e-01 +4.47e-01 +0.00e+00 
-4.00e+00 -2.00e+00 +8.07e+00 -8.94e-01 -4.47e-01 +0.00e+00 
+4.00e+00 -2.00e+00 +8.07e+00 +8.94e-01 -4.47e-01 +0.00e+00 
-2.00e+00 -4.00e+00 +8.07e+00 -4.47e-01 -8.94e-01 +0.00e+00 
+2.00e+00 -4.00e+00 +8.07e+00 +4.47e-01 -8.94e-01 +0.00e+00 
